[gd_scene load_steps=8 format=3 uid="uid://cwniapxuhyted"]

[ext_resource type="Texture2D" uid="uid://b4w27goy76w6p" path="res://textures/texture_08.png" id="1_3q0bi"]
[ext_resource type="Script" path="res://csg_playground.gd" id="1_vk383"]
[ext_resource type="PackedScene" uid="uid://826b4fbeh616" path="res://klik.tscn" id="2_0fs1g"]
[ext_resource type="MeshLibrary" uid="uid://2cfrtywltqj3" path="res://MeshLibrary.tres" id="4_sck33"]
[ext_resource type="PackedScene" uid="uid://bkyghxdar0ydp" path="res://npc.tscn" id="5_yxvda"]
[ext_resource type="PackedScene" uid="uid://dd8llx4apjbp1" path="res://possum_squish.tscn" id="6_wmyjd"]

[sub_resource type="StandardMaterial3D" id="StandardMaterial3D_vi38y"]
albedo_texture = ExtResource("1_3q0bi")
uv1_triplanar = true

[node name="CSGPlayground" type="Node3D"]
script = ExtResource("1_vk383")

[node name="CSGCombiner3D" type="CSGCombiner3D" parent="."]
snap = 1e-06
use_collision = true

[node name="CSGBox3D" type="CSGBox3D" parent="CSGCombiner3D"]
transform = Transform3D(1, 0, 0, 0, 1, 0, 0, 0, 1, -0.233578, -0.135441, 0.0291027)
snap = 1.0
size = Vector3(7.09596, 0.401345, 11.0546)
material = SubResource("StandardMaterial3D_vi38y")

[node name="CharacterBody3D" parent="." instance=ExtResource("2_0fs1g")]
transform = Transform3D(0.342, 0, 0, 0, 0.342, 0, 0, 0, 0.342, 0, 1.40276, 0)

[node name="DirectionalLight3D" type="DirectionalLight3D" parent="."]
transform = Transform3D(1, 0, 0, 0, 0.0077666, 0.99997, 0, -0.99997, 0.0077666, 0, 5.90055, 0)
light_energy = 2.981
light_volumetric_fog_energy = 1.61
shadow_enabled = true
shadow_bias = 1.434
shadow_normal_bias = 6.857
shadow_transmittance_bias = -4.137
directional_shadow_mode = 1
directional_shadow_split_1 = 0.081
directional_shadow_fade_start = 0.814
directional_shadow_pancake_size = 21.4

[node name="GridMap" type="GridMap" parent="."]
mesh_library = ExtResource("4_sck33")
data = {
"cells": PackedInt32Array(-3, 65535, 1441804, -4, 65535, 1441804, -5, 65535, 1441804, -6, 65535, 1441804, -7, 65535, 1441804, -8, 65535, 1441804, -9, 65535, 1441804, -10, 65535, 1441804, -11, 65535, 1441804, -12, 65535, 1441804, -14, 65535, 1441804, -2, 65535, 1441804, -15, 65535, 1048583, -15, 65532, 7, -13, 65532, 1441799, -14, 65532, 1441804, -15, 65533, 655372, -15, 65534, 655372, -13, 65533, 655372, -13, 65534, 655372, -13, 65535, 655362, -13, 65530, 655362, -13, 65529, 655372, -13, 65528, 5, -15, 65529, 655372, -15, 65528, 5, -11, 65529, 655372, -11, 65528, 5, -15, 65530, 7, -11, 65530, 655367, -12, 65530, 1048588, -14, 65530, 1048588, -14, 65526, 1441804, -12, 65526, 1441804, -11, 65525, 655372, -13, 65525, 655372, -15, 65525, 655372, -15, 65524, 10, -13, 65524, 5, -11, 65524, 5, -15, 65526, 1048584, -11, 65526, 1441800, -13, 65526, 655362, 0, 3, 12, 0, 5, 12, 0, 6, 12, 0, 4, 12, 0, 7, 12, 0, 8, 12, 0, 9, 12, 0, 10, 0, 0, 11, 0, 0, 12, 0, 0, 13, 0, 0, 14, 0, 65535, 14, 0, 65535, 13, 0, 65535, 12, 0, 65535, 11, 0, 65535, 10, 0, 1, 10, 0, 1, 11, 0, 1, 12, 0, 1, 13, 0, 1, 14, 0)
}
metadata/_editor_floor_ = Vector3(0, 0, 0)

[node name="NPC" parent="." instance=ExtResource("5_yxvda")]
transform = Transform3D(-0.0599162, 0, 0.998203, 0, 1, 0, -0.998203, 0, -0.0599162, 0, 0.8, 29.0331)

[node name="NPC2" parent="." instance=ExtResource("5_yxvda")]
transform = Transform3D(-0.0599162, 0, 0.998203, 0, 1, 0, -0.998203, 0, -0.0599162, 1.38541, 0.8, 29.0331)

[node name="NPC3" parent="." instance=ExtResource("5_yxvda")]
transform = Transform3D(-0.0599162, 0, 0.998203, 0, 1, 0, -0.998203, 0, -0.0599162, 2.67691, 0.8, 29.0331)

[node name="possum_squish" parent="." instance=ExtResource("6_wmyjd")]
transform = Transform3D(0.0502443, 0, -0.998737, 0, 1, 0, 0.998737, 0, 0.0502443, -0.310876, -0.0908051, -6.28408)
